0.027696 162
7.226954 166
1.379557 166
1.376955 166
0.009601 166
0.007651 166
0.003307 166
0.012451 166
0.009427 166
0.006430 166
0.006598 166
0.011698 166
0.008631 166
0.015247 166
0.007948 166
0.018161 166
0.019342 166
0.032525 166
0.025680 166
0.070670 166
0.089443 166
0.086398 166
0.098192 166
0.120442 166
0.127624 166
0.111538 166
0.117643 166
2.168922 166
0.024873 166
0.027418 166
0.026291 166
0.026148 166
0.028430 166
0.021027 166
0.008351 166
0.024250 166
0.035454 166
20.326437 1
0.297317 1
0.283242 1
0.177040 1
0.191366 1
0.253086 1
0.247523 1
0.281884 1
0.413559 2
0.171117 84
0.000335 162
9.133213 1
0.246479 1
0.232806 1
0.395621 1
0.338752 2
0.001760 31
0.000128 140
3.403316 1
0.686257 1
0.369988 1
0.636748 1
11.468430 1
0.344591 1
0.209340 1
0.236648 1
0.769016 1
0.266735 2
0.131250 85
0.001623 140
6.641470 1
0.292192 1
0.227242 1
0.240914 1
2.098151 1
0.341487 1
0.498697 1
0.176980 1
0.235943 1
0.364095 1
0.292209 1
0.462769 4
0.514609 4
0.032122 4
0.033238 4
0.034217 4
0.031527 4
0.032763 4
0.034668 4
0.032823 4
0.032056 4
0.154808 4
0.648347 9
0.467539 17
0.515674 12
0.033766 17
0.287069 17
0.456555 8
0.312320 5
0.373644 8
0.391333 1
0.325539 4
0.313562 5
0.275306 17
0.217130 14
0.401010 23
0.312359 27
0.233173 18
0.335245 8
0.252042 17
0.274827 20
0.234629 19
0.206163 32
0.417635 36
0.906682 44
0.263488 33
0.290301 22
0.406885 27
0.715658 23
0.667883 26
0.341354 22
0.947241 26
1.161218 2
0.079194 85
0.001787 140
1.089719 9
0.418101 17
0.502932 12
0.514051 17
0.032776 17
0.032746 8
0.033015 5
0.033517 8
0.348376 5
0.395402 8
0.201892 1
0.192644 4
0.187025 5
0.171861 17
0.182359 14
0.208976 23
0.342196 27
0.357620 18
0.310151 8
0.330038 17
0.279176 20
0.213657 19
0.194282 32
0.202260 36
0.398352 44
0.642238 33
0.573383 30
1.262237 1
0.512429 1
0.031664 1
0.033401 1
0.033109 1
0.032773 1
0.033219 1
0.032344 1
0.302666 1
0.537082 5
0.169230 5
0.173318 5
0.176295 5
0.177597 5
0.391451 3
0.499288 21
0.672214 17
0.196373 17
0.230800 17
0.199547 17
0.233412 17
0.230922 3
0.513117 3
0.032091 3
0.032484 3
0.034289 3
0.032189 3
0.033779 3
0.033469 3
0.032270 1
0.481428 2
0.173537 16
0.030896 67
0.000021 134
0.000073 80
0.000457 140
8.480842 28
1.192419 32
1.320471 4
0.301649 2
0.020321 73
0.002398 140
1.127492 8
1.001332 1
0.296443 2
0.065509 85
0.001816 140
22.193058 9
1.175831 2
0.208441 140
1.514104 9
0.402073 4
0.322484 28
1.855784 2
0.284363 29
0.023468 378
0.000010 42
0.000014 282
0.000018 31
0.000363 140
6.988109 28
0.396071 32
0.201341 4
0.177777 28
0.185059 32
0.173836 17
0.180046 12
0.170494 17
0.290744 17
0.339702 8
0.174361 5
0.176245 8
0.182995 1
0.190706 4
0.196374 5
0.190976 17
0.212513 14
0.219428 23
0.283571 27
0.285646 18
0.248028 8
0.256871 17
0.244172 20
0.221382 19
0.211066 32
0.209160 36
0.207918 44
0.546989 33
0.462101 30
1.643115 48
1.036720 2
0.427581 55
2.653137 2
0.354220 83
0.000015 11
0.000006 3
0.000026 5
0.000047 249
0.000056 227
0.000340 140
6.637497 1
0.259673 1
0.210870 1
0.184447 1
0.505447 1
0.184237 1
0.225037 1
0.656398 4
0.201674 4
0.503390 1
0.236566 1
0.323442 1
0.295350 1
0.295631 1
2.434987 2
0.001621 684
0.000556 784
0.000010 81
0.000042 430
0.000026 2
0.000079 497
0.000645 140
2.705488 10
0.296331 25
0.474878 2
0.340643 55
2.218693 2
0.353213 102
0.000058 476
0.000303 140
2.083264 1
0.244036 1
0.205803 1
0.148714 1
0.852700 1
0.497314 1
0.309520 1
0.159736 1
0.274290 1
13.695749 1
0.010957 1
0.259525 1
0.132921 1
0.498853 1
0.413928 4
0.159254 4
0.177035 4
0.183816 4
0.653578 1
0.182969 1
0.258747 1
0.229235 1
0.276214 1
0.578778 1
0.218809 1
0.170715 1
0.144898 1
0.230706 1
0.317361 2
0.417334 55
1.981310 2
0.476313 412
0.006270 1576
0.009225 66
0.033641 31
0.014211 31
0.012974 31
0.011688 31
0.008907 31
0.016077 31
0.012961 31
0.013327 31
0.010403 31
0.010312 32
0.008812 32
0.009498 32
0.010408 32
0.009022 32
0.010480 32
0.009963 32
0.009517 32
0.009795 32
0.009653 32
0.012182 32
0.011069 32
0.008833 96
0.161052 85
0.029182 48
0.264311 51
0.028149 8
0.000067 54
0.000053 13
0.023965 58
0.002414 39
0.004048 144
0.000084 426
0.000192 87
0.000051 152
0.000064 122
9.338415 14
0.001397 23
0.021772 170
1.416960 75
0.000133 12
1.181533 6
0.000211 81
0.402934 87
0.497395 87
0.009108 75
0.000210 12
0.985450 77
0.000034 12
0.014389 78
0.000094 12
5.968490 18
0.877980 18
1.332926 6
0.000388 231
14.479109 7
0.000314 12
0.511819 19
0.033012 19
0.030844 7
0.000009 12
0.035243 19
0.032916 19
0.231854 19
1.122282 7
0.000174 12
0.247745 7
0.000202 12
0.452542 7
0.000063 12
6.742573 7
0.000327 12
0.316059 19
0.672072 7
0.000101 12
2.769425 6
0.002495 9
0.000119 52
0.000268 4
0.020757 41
0.078632 325
0.004768 140
1.585313 20
0.329227 59
0.726403 2
0.353654 55
2.214236 2
0.489679 32
0.002362 30
0.002141 30
0.001911 30
0.001956 30
0.001916 30
0.001939 30
0.002043 30
0.002213 30
0.003150 30
0.001997 31
0.001955 31
0.001971 31
0.001924 31
0.002003 31
0.001909 31
0.002075 31
0.007797 31
0.002071 31
0.001879 31
0.002190 31
0.002060 31
0.002309 31
0.002488 31
0.002025 31
0.001961 68
0.000009 2
0.000029 41
0.000104 66
0.003972 99
0.006400 33
0.002397 33
0.002110 33
0.002271 67
0.005674 34
0.004426 34
0.002037 68
0.004040 42
0.007293 29
0.002092 29
0.002521 29
0.000070 29
0.002160 29
0.001988 29
0.002052 29
0.001964 29
0.001944 30
0.002337 30
0.002346 30
0.002707 30
0.002047 30
0.001973 30
0.001955 30
0.002033 30
0.001991 30
0.002152 30
0.003078 30
0.002014 30
0.000077 30
0.000049 62
0.000006 40
0.029267 233
0.354927 75
0.017420 67
0.022041 140
243.288189 1
0.262811 1
0.183776 1
0.264608 1
0.369042 8
