0.022541 140
5.495023 1
0.241709 1
0.234525 1
0.245374 1
0.255047 1
1.005734 1
0.239481 1
0.502914 1
0.191299 1
0.195216 1
0.235971 1
1.131809 1
1.058900 1
0.208650 2
0.004393 162
2.288199 1
0.162701 1
0.110720 1
0.194436 1
0.207536 2
0.011493 26
0.390169 10
0.009186 26
1.919730 1
0.221165 1
0.247375 1
0.207472 1
0.251013 1
0.193273 1
0.110243 1
0.098528 1
0.207595 1
0.296839 1
0.176337 1
0.210809 1
0.184826 1
0.534788 1
0.280279 1
0.593362 3
0.332153 1
0.432538 1
0.380933 1
0.304466 1
0.300778 1
0.663871 1
0.196431 1
0.129865 1
0.122501 1
0.197548 1
0.144956 1
0.218316 1
0.139891 1
0.226172 1
0.617417 1
0.268549 1
0.209157 1
0.226631 1
0.139606 1
0.106301 1
0.207378 1
0.221027 1
0.224964 1
2.457254 1
0.124902 1
0.835116 1
0.276013 1
0.216244 1
0.476316 1
0.343795 1
0.141388 1
0.171058 1
0.164460 1
0.287928 1
0.197675 1
0.225374 1
0.333664 1
0.176492 1
0.586697 2
0.000143 55
0.002082 26
0.359526 10
0.007939 29
0.001513 26
0.286975 10
0.006312 81
0.001150 32
0.293709 13
0.006494 55
5.997930 1
0.249032 32
1.724561 1
0.286718 2
0.000155 26
1.768233 1
0.308209 2
0.000103 53
0.001852 32
0.305395 13
0.006798 33
2.474921 1
0.196131 2
0.000144 31
1.055206 1
0.270150 1
0.178247 2
0.000148 34
0.682694 1
0.211312 1
0.150995 1
0.960734 2
0.000148 51
0.003113 162
81.334001 1
0.309347 1
0.178365 1
0.578107 1
0.240287 2
0.000038 6
