0.027873 162
3.466358 1
0.113713 1
0.144077 1
0.131762 1
0.224845 2
0.010293 26
0.436931 10
0.006656 26
6.258186 1
0.411985 1
0.384464 1
0.337510 1
0.225840 1
0.153202 1
0.159363 1
0.203378 1
0.258597 1
0.245921 1
0.192724 1
0.157081 1
0.286008 1
0.345969 1
0.249350 1
0.212467 1
0.226216 1
0.136433 1
0.203924 1
0.098500 1
0.252233 1
0.192358 1
0.179161 1
0.167138 1
0.529033 1
0.179798 1
0.170568 1
0.212255 1
0.168669 1
0.204109 1
0.120916 1
0.235527 1
0.223551 1
2.546161 1
0.314426 1
0.307549 1
0.205438 1
0.275871 1
0.396933 1
0.185933 1
0.161830 1
0.302558 1
2.053596 1
0.879529 1
0.658303 3
0.292640 3
0.616167 1
0.170957 1
0.184255 1
0.189531 1
2.358405 2
0.000182 49
0.002222 26
0.352755 10
0.006856 29
0.001039 26
0.298261 10
0.005867 81
0.000951 32
0.295102 13
0.005830 55
2.390168 1
0.260177 32
2.260838 1
0.248558 28
0.887569 1
0.215569 2
0.000181 53
0.002544 32
0.312996 13
0.007313 33
2.486954 1
0.196535 2
0.000102 31
0.812342 1
0.285677 1
0.462162 2
0.000188 34
1.713773 1
0.182933 1
0.180848 1
0.602020 2
0.000153 51
0.002798 162
1.949584 1
0.235588 1
0.177996 1
0.206502 1
0.214319 8
